euclidean
100
67.30190548974315 39.87855563405057
-65.52151540343198 63.96029661933068
-14.199387137773385 8.980814000099429
-51.6680904234045 95.66192805732089
-32.52747407787456 16.447757102744575
70.87184299014169 -5.309613443992035
-33.27870619527627 8.021689807858252
60.78010507861504 -76.01282111973245
-35.408310411056036 78.12628286804494
-48.727349957877884 -27.863290811154144
-21.838624866976247 19.263924944158717
64.94865134735159 -11.738994455592874
-34.992697624200744 32.42097136240656
35.180538204024856 -70.18836643364348
99.85569783922844 37.484833274396834
-20.735217709769344 -31.0134261797522
47.44576322408983 28.573990556305233
-84.09894998636456 53.31679866264324
-56.073899444571154 56.60240345468347
-10.716121149163314 15.52561856679388
-94.12055852206707 -21.63555410988593
74.59208093801738 67.03936042191864
12.215424370944234 -29.26597580310397
4.883984761209547 -56.694611779749884
59.5774624375662 67.75911494578989
-63.41214606247772 -58.9157176997895
0.6445985565566303 16.261851167343295
79.05325949859002 -2.1617906146183827
-89.71304843319116 -58.51184222768626
17.662699038267164 -96.51114698355858
-85.12729772620693 29.87279257060041
-20.407953510470307 -2.896849384843975
70.63868348125882 53.36357644435358
74.26827779561157 37.02948558746695
-39.014450077423966 50.91876815180791
95.31021961686491 98.26545230724182
53.44652325274336 -69.84725616470212
70.14574149290965 -6.627668194843778
65.64585843461327 -49.03138908934756
-83.52380017249537 -56.139627898966026
-68.76835508447991 -47.79240760923631
96.63949097310842 30.00882767217263
45.03719001581098 -95.53222907377565
83.13606948399888 29.36033410902965
82.6375617370802 -1.2657155002689677
-50.11013362833834 -80.48344490510908
-81.3240036327288 -87.88172125699299
57.57697262652741 -30.269956669654036
53.32376965237012 -21.210870494507716
27.126845983639342 -71.96118260839906
-32.83302380517692 8.05246550132577
-60.371942044441475 18.55734825065396
31.500650185061176 -28.433558303860607
62.958638664075266 26.860068247260187
-61.896867224278026 12.937122697175312
-67.62192172979286 -79.77145553978781
8.280893312204299 47.87865884993181
17.57154230452565 94.32193764547424
86.22392559543985 0.48659977846081404
-5.635345430891988 -5.800936569643156
93.9873343198027 33.43738313276003
65.10784366377237 -82.43665232040465
24.66892984112347 57.39600257985629
56.018020890197505 -47.44966277919467
-26.997770175390357 38.768655356816026
-88.92395626112686 -91.07702435770085
-11.868219604504176 87.00216238276505
87.89374895326262 29.901281824022675
54.310529223985895 -54.94547692949852
-23.565799865622267 -68.50959433803305
-88.53772077077404 54.06098581756825
56.93628652032271 -19.619805984992595
21.59061625540059 33.323310557153405
-96.41034856808686 -72.84792399848696
99.5497019650432 -80.40481764475025
77.45270650267878 -62.353507107728134
84.82642009934409 68.62606068080675
62.13369709420488 88.93837315666534
16.521244770469565 79.50064614978001
-66.84364469058433 -19.28232859041283
4.678792122491359 -16.392505804345035
17.662319629954652 -10.994255793487696
-56.483172581236055 25.661348771390195
97.33427379599468 -50.43523712713287
-13.811807728161483 -28.495774730923813
-40.37323467837497 -16.035824714652748
-37.7001373448193 -26.577158553738343
-54.49367493929653 -67.32727680066859
32.71368588156855 26.221913765336296
-5.600262666685879 -20.147382488239842
41.83971133481751 -75.63786479660746
99.31074796384078 84.79159800768835
-24.274770148170603 -85.09406540353766
70.78257523485027 40.022688680697144
72.57040660750226 17.172224255750052
85.59391464716512 69.29410955401138
10.830027758464553 99.5943509813761
12.037017889782547 -35.14442142281267
12.40718120624642 -9.875432782960019
86.12356115942958 42.918433699690326
0.0 134.98885652766924 87.16152326591407 131.39879971479056 102.54222225342174 45.3289651148415 105.50506787448974 116.07473922645646 109.60053416363816 134.35678575916808 91.49315357313816 51.67116490186314 102.56608303629407 114.65822940268984 32.641680457177955 113.03188995471447 22.848623093544248 151.99607039194393 124.50412173545766 81.73052076446646 172.74604940557464 28.1221616308437 88.40524096293976 114.98857983472722 28.93082453027806 163.84892955633904 70.71736206514512 43.651861744365675 185.29534842195054 145.14200562639374 152.75724954165452 97.58460247584038 13.891719606260727 7.52645622018161 106.88804308023208 64.75720317748011 110.59713102892256 46.593092385418316 88.92536624926835 178.79565167389356 161.86819826248367 30.953278534514567 137.22899901378142 19.00930649567201 43.90937712733908 168.14457500512637 195.99068654851285 70.81940480981925 62.66822373583467 118.8367050050557 105.07094783066803 129.4418990453556 77.12505942984535 13.723883581514652 131.97789087381813 180.33458993068095 59.56073815800089 73.73730987346532 43.70090423560046 86.06078421584948 27.45179074369384 122.33488465780236 46.09155627829154 88.0542093422417 94.3062071614312 203.8526031493784 92.13328942595211 22.88165225472929 95.70983757635105 141.43878863635814 156.48364272002374 60.39454521701143 46.17892594554259 198.7686125600327 124.53116182241179 102.73477217399761 33.667902499493316 49.33128898956494 64.40951451394919 146.61186464745313 84.19077552328024 71.0783471028497 124.5988544249669 95.17628018047527 106.08715061144368 121.32746490388458 124.2650029076585 162.2567530800113 37.186675070428564 94.43431245775707 118.2893347698586 55.1520386911289 154.93367461561192 3.4836527108251905 23.3095385773512 34.63917452009114 82.18910626390911 93.1807645810599 74.08704419506255 19.065560070509264
134.98885652766924 0.0 75.21106540127631 34.596398938436046 57.845035865731354 152.97538577842727 64.56567569260032 188.532684237998 33.27882632112522 93.34674713998626 62.49768448946799 150.84046897707282 43.89462099915611 167.74017825094708 167.48305233436997 105.00390699122774 118.37988299239976 21.41039757774594 11.974808521579117 73.14061305060763 90.2471879304828 140.14742421334404 121.38438810352422 139.69445720651862 125.15664296208969 122.89411838639465 81.56651479070572 158.97797318542055 124.83851594797547 180.75037411933025 39.32358875738883 80.65427104929788 136.57192331802798 142.3602994709737 29.54159740038549 164.44966006778736 179.04707594302945 152.9322247611179 173.12423573508775 121.44164905915522 111.79986077948398 165.67707817535356 194.06466215142086 152.6310418960637 161.88126758879298 145.2635713239794 152.6621008207042 155.02444449237117 146.2133013358506 164.4942776608461 64.76282161308716 45.69404585225901 133.97733033259283 133.7294916406631 51.151758049095044 143.74709835494446 75.53419494226426 88.46629575752779 164.48583238257558 91.94010555805521 162.4029599106437 196.2042204163103 90.429012875558 164.87582580733763 46.02931387598874 156.79363869058275 58.391812165297395 157.15043692736427 168.81440075666802 138.95522327910328 25.05478125750764 148.26175097895864 92.3425600528804 140.25194915895946 219.29385084856239 190.77946729576468 150.42031466601935 130.07596851579376 83.50159855045209 83.25312413154099 106.69890362169836 111.97202926743633 39.35099804618436 199.01845697549354 105.93403134680223 83.85592079219971 94.71567909430696 131.74991536928636 105.23469158000714 103.26983206340105 176.10814767480844 166.14336629643256 154.65605979785184 138.39007984155796 145.8029582696236 151.2095326353437 84.25760484063238 125.84542591928957 107.35267435723992 153.09797268705123
87.16152326591407 75.21106540127631 0.0 94.43261756463018 19.790755674861106 86.26314689374325 19.10341160406002 113.33950001614869 72.3250599127302 50.49424002645408 12.810164861199421 81.81517254448225 31.333731634688696 93.3066779888348 117.56292580529214 40.52476192193479 64.68397893373117 82.77456386125793 63.41364650541008 7.414014348760883 85.58478621626493 106.0882633266692 46.4818157701644 68.3917877701657 94.32874532889981 83.85603530966085 16.533523929406602 93.91599300591136 101.27967064974656 110.19866772183344 73.94080922623917 13.402432014011794 95.7461635186653 92.80762746984574 48.729655725539686 141.29437571677352 103.874124970893 85.77718484630005 98.69487802214447 95.11333342774971 78.74624406707554 112.81593087800948 120.13304393643833 99.44604544997856 97.37754378804658 96.40246539880503 117.84763415540557 81.80751077489106 73.96563063699385 90.8815952708552 18.65674801212636 47.155220653299075 59.06207468594211 79.20245373770537 47.86127855698242 103.59021455097152 44.926666280409464 91.06316128206123 100.78191016028539 17.08341184492399 110.91659241736451 121.02392327911926 62.08684683558524 90.08264594085256 32.420889887084805 124.88127260524902 78.05616660788209 104.21455949566071 93.70261101970877 78.05442378109598 86.93911512330814 76.66993889604186 43.28373229648282 115.99389872634589 144.66736472428485 116.1408267431951 115.60132330801916 110.5438872785014 76.92076410996499 59.751343770482016 31.625796592043393 37.60547528500821 45.45501899334138 126.37256289575923 37.47859283261597 36.20638766382381 42.62223213809254 86.29342009151239 49.980915770251336 30.37098569906081 101.49237093949964 136.49844593486037 94.61287585532459 90.47392946251398 87.15558678922456 116.60358785952235 94.00683323197954 51.336004420848525 32.6108497556969 105.9077711309105
131.39879971479056 34.596398938436046 94.43261756463018 0.0 81.49385298356933 158.78062688548528 89.54876220647779 205.22381971073577 23.913997956304662 123.56021872346393 82.01494921696214 158.53839477505792 65.40250246508742 187.21379350145315 162.3084494622524 130.39742323146538 119.6843654910578 53.33732872430369 39.30722090551597 89.99384360165935 124.74338207069009 129.46382602974003 140.31423529150322 162.5135454010255 114.69149929650432 155.0231318567147 95.08411874991796 163.27140368183052 158.79852100652758 204.29696311508434 73.80873187788808 103.39743116107661 129.41444081763305 138.91627748459263 46.49801041265885 147.0013672072933 196.06726414709152 159.0653046631065 186.2759206756686 155.10802246940042 144.46994660832434 162.18960598591286 214.25946183517252 150.22670497759336 165.6290321407461 176.1522626747918 185.92402854901465 166.7132969851886 157.1067844604661 185.2191923982023 89.61125857761056 77.5942862600314 149.38784806541807 133.6898759615616 83.35479168419809 176.15730701189486 76.66238626000437 69.2525978906387 167.54865321670005 111.41690405793601 158.3900146732514 212.96883132161344 85.390993175591 179.1011613630792 62.01184709161298 190.41910589113195 40.73108467423092 154.27886959405566 184.15769942967378 166.55938130349253 55.587840731466706 158.3817820809511 96.19221037112823 174.3486160075716 232.0911882794206 204.06140729992688 139.14628822805582 114.0002325993471 70.07833093815462 115.94170769665331 125.42395034721018 127.20946235160498 70.16598974255646 208.6769901496187 129.80074460940608 112.26736721153645 123.03453990124724 163.01369521637164 109.28037224155825 124.635633601554 195.15975000356428 151.3696591663926 182.81992005173691 134.49866348242622 146.9552236137149 139.77167055099738 62.621711301500746 145.49447374217942 123.46568335997338 147.54123302649518
102.54222225342174 57.845035865731354 19.790755674861106 81.49385298356933 0.0 105.66362639641021 8.459489331642235 131.3592891777333 61.745767130706206 47.17949709095405 11.053610214058422 101.46964073714786 16.16232968722115 109.95541291168041 134.04425679858554 48.90420461295602 80.88735514483436 63.39513666619467 46.549218803312826 21.830837273459895 72.4157900203229 118.46564646853265 63.966181203731175 82.1548743423747 105.43327166606574 81.4464013809617 33.17259356578553 113.12194911557518 94.28219050343587 123.60731163570749 54.286029741995804 22.827539923158337 109.57204836626103 108.76093124666619 35.07608102914829 151.77816436419977 121.81279707745774 105.2343311296713 118.00644814014561 88.71050522083314 73.75771294147727 129.87689361649694 136.21965504309549 116.38208605379369 116.51932280063048 98.512983101492 115.17700009729683 101.49559643662467 93.74757747557217 106.65260673256032 8.400850058696898 27.92426849807366 78.19164385826093 96.05214182900117 29.57846865065157 102.41951541352897 51.50945965242684 92.59751312905578 119.81925332558953 34.90259235778349 127.65047644462894 138.96323865496717 70.34335383615834 109.19333746483674 22.99565446160989 121.41722213410435 73.51686132998915 121.17041009974722 112.41811545759234 85.42870225233642 67.4677901591055 96.4605285464446 56.68819988069068 109.79408142730216 163.78278806605707 135.29700425988688 128.430961387207 119.22930320834168 79.88393854738052 49.54027239691943 49.62649607194988 57.20209318050722 25.66643259630158 146.0732983060566 48.68467131035955 33.41764574424582 43.33474140364366 86.6069875114148 65.9692586840153 45.43433675169568 118.36485976334421 148.4998228307391 101.87663539815533 105.96576658479276 105.10037762640764 129.40401632768376 93.77221890894037 68.17438543432823 52.07718858830267 121.56794348175872
45.3289651148415 152.97538577842727 86.26314689374325 158.78062688548528 105.66362639641021 0.0 105.00028829492308 71.41979242278587 135.11853980995764 121.70717035819894 95.91188476513021 8.74191852110004 112.38726791464678 74.04810481590796 51.68586375253831 95.14483464293903 41.193201298932635 165.6894772526734 141.23851938746148 84.20631084033903 165.79815709287058 72.44455942194031 63.35994588627431 83.63501352667724 73.936473411748 144.5883955556857 73.46559702481561 8.766091754586927 169.16850918831244 105.58850657178549 159.91727110357647 91.31167876891901 58.67365315906659 42.475111255693 123.43673805238787 106.4191171619178 66.84870302329423 1.5048228169872548 44.032994222031114 162.54754688120403 145.9594899909083 43.71914872741783 93.848546421262 36.775216040451795 12.441271969188204 142.43505047234294 173.1523280754093 28.280245966542797 23.680896386209373 79.72487964980965 104.56215639884098 133.3962629564171 45.65969391900329 33.12864655887054 134.0166922133431 157.2421342853111 82.1378067104222 112.99277864390277 16.40983022581391 76.50876602393578 45.11824113516028 77.34212186175169 77.88904585617945 44.68131364396197 107.3375747892935 181.35806084426656 123.9652447843966 39.109492814308304 52.32586413632265 113.63408807730177 170.10666381750667 19.97451738300632 62.61902366980213 180.40164911962214 80.38475781724986 57.42223932319492 75.24104020137624 94.65219581169984 100.73116528264343 138.4225137602378 67.11445810135484 53.512321336865675 131.06677874935548 52.31235185830397 87.8004485990999 111.76099012489624 110.63536228914445 139.86673533738593 49.50032486838004 77.89828196949813 76.08500250883041 94.48280066320805 124.1709980880266 45.332390017031244 22.54591192921159 76.04245445169006 120.87125931533004 65.96705550290197 58.64267544835722 50.58220476025769
105.50506787448974 64.56567569260032 19.10341160406002 89.54876220647779 8.459489331642235 105.00028829492308 0.0 126.1303254776458 70.1369316569398 39.06907252713667 16.039429904394595 100.19530134875114 24.459409375464237 103.93979527121509 136.35558793299444 41.000968080671534 83.29968204676887 68.07601681321013 53.66289755228959 23.77770364821341 67.68517645209764 122.96012427395345 58.82249503966364 75.13049096218191 110.4120827413416 73.40736149784395 34.90975314315585 112.7926140762901 87.24417383958044 116.28473990523896 56.26497254677383 16.878115202119414 113.37861597735984 111.39033163397876 43.27884111582182 157.09566674980408 116.55401395786066 104.45678565558887 114.19773771342402 81.49382896057604 66.14173152226871 131.76559561185783 129.83371563307355 118.35428905226827 116.28773395643792 90.09137483685622 107.2651614445581 98.59515487147188 91.40312579323334 100.23018813708269 0.4467437029808878 29.06963239536653 74.33269891466169 98.06381110177128 29.03722819366984 94.27137860073528 57.582795107939916 100.16726286230222 119.73995401142678 30.906639971402555 129.7790527611108 133.651131135359 76.12983176071087 105.12362449047659 31.381938240884622 113.65275625411918 81.83106979753617 123.13196349250049 107.87371435276074 77.14517484838431 71.92479036413505 94.35463528805444 60.42197082798206 102.59385315834412 159.57015145280351 131.20256894966806 132.74679139615432 125.10410203364918 87.11645261327533 43.26793867157226 45.131193491134916 54.374574014333135 29.14798155287687 143.09773879723969 41.382186412394425 25.081792986114973 34.880214468361636 78.27861564809797 68.456146284511 39.491681025099055 112.4353046371249 153.21090744207132 93.55006538174611 108.8706306665826 106.24390317480524 133.73484739401175 101.64217965688158 62.584566852634154 49.06635613834991 124.39728366687424
116.07473922645646 188.532684237998 113.33950001614869 205.22381971073577 131.3592891777333 71.41979242278587 126.1303254776458 0.0 181.6895006668477 119.62549886000987 126.10913082860314 64.40886252718998 144.67313879781577 26.25380156390534 120.03590922120979 93.11118834092291 105.43341903425268 194.2063107872019 176.75309378346844 116.1507481898308 164.16791023641565 143.7174217726098 67.40768323637003 59.140252608872586 143.77696599021246 125.3635760053313 110.14033906953325 76.0781366696342 151.50733815927174 47.74193195575385 180.2795977913945 109.25862062190683 129.75146941280286 113.84416501924053 161.4638708621552 177.6661064995568 9.581002745613507 70.01438846305057 27.416659718712776 145.66592216270544 132.58655764945553 111.92178326529765 25.07681521946174 107.71857308449451 77.87732795919433 110.98032040643726 142.598907790746 45.85487657385923 55.306877784939594 33.89627741124509 125.81887900507664 153.69234026733693 55.86656181442939 102.89595412501157 151.5312906248602 128.45702713830306 134.5558101501684 175.72965014647806 80.61978293354134 96.64740450967032 114.37686516419792 7.745639325206746 138.20973633554468 28.957407691369912 144.49824471682757 150.4600817519651 178.47034466707188 109.32953345981849 22.038339387725742 84.67898259308461 198.0277969567673 56.52386307654557 116.14734488695888 157.22231168458248 39.01757650356962 21.55347994000574 146.6241160061553 164.95674798126507 161.68885310361273 139.66449186450507 81.86537310552704 78.01639096420615 155.20410146184992 44.61412392412455 88.44107164485256 117.59778161924655 110.19184580138962 115.60053217756523 106.01728587152489 86.76001645625969 18.944104819556294 165.3561962916903 85.53830017942967 116.46582736524894 93.92797182827283 147.41041091838954 182.5729692962169 63.60907673033243 81.939574687516 121.6015383909375
109.60053416363816 33.27882632112522 72.3250599127302 23.913997956304662 61.745767130706206 135.11853980995764 70.1369316569398 181.6895006668477 0.0 106.8231554633553 60.40623764252248 134.71186971396702 45.7072011155358 164.25596106773608 141.23766973794937 110.12164065458872 96.541323749399 54.64694766215838 29.83863192411921 67.29448254874288 115.75643479072848 110.5577041470911 117.4781568508685 140.71297979888269 95.5498572179901 139.87396015994602 71.60321329855067 139.81282391017763 147.0339477852969 182.52332439757907 69.284753196715 82.39999191270638 108.89975455905578 117.12344234770366 27.445456824902855 132.26080386252443 172.60170833249992 135.3694577595538 162.42234630343475 142.62690892352018 130.2628465531373 140.5414933210777 191.38640837002117 128.18302447309475 142.26003421948303 159.28963980807492 172.24084392967126 142.8145917177013 133.1962915045219 162.59425905748265 70.12112364649282 64.58824100235556 125.82451572978336 110.92466557034932 70.36526306232774 161.1502793931895 53.13817159739013 55.400036348673964 144.2994151969819 89.05171310116344 136.8953272937574 189.43060308810956 63.55327935791324 155.3321994320722 40.24624243787728 177.46459795373363 25.15784395254362 132.3973133004515 160.49163043932688 147.1133085074722 58.32557558480664 134.4686672369616 72.49954461249128 162.83261282154203 208.19648156082113 180.20038992865597 120.60947161195689 98.13941371623154 51.94773888997763 102.35535075183162 102.66828722459071 103.72541725281975 56.539535948382266 184.7935553135889 108.78727910362535 94.29291053624205 104.72852102583673 146.70033796646763 85.6426874335607 102.69485387734723 172.07751151933823 134.88384304774834 163.59962655422538 112.82015814674271 123.99516357618539 121.32413508650919 50.97903358438222 122.80599182499714 100.15299893724927 126.52900240848587
134.35678575916808 93.34674713998626 50.49424002645408 123.56021872346393 47.17949709095405 121.70717035819894 39.06907252713667 119.62549886000987 106.8231554633553 0.0 54.25843714909131 114.81387636391561 61.82906226474396 93.97843221846074 162.31851223498123 28.168827107923583 111.50979520769174 88.55143711735562 84.78458171843738 57.68406168567049 45.81842520397555 155.60911042594435 60.958914590733826 60.872163417741426 144.47690774223398 34.34962084663693 66.21644399040565 130.33975320453428 51.17774109357612 95.49956420203009 68.2525568883833 37.75329671219214 144.3816259194257 139.06472189306814 79.37854394312957 191.45569014689846 110.46335914532033 120.75497314384054 116.3156016306818 44.83686191786752 28.263254993650133 156.46309641574555 115.63249613351768 143.74458124016434 134.03048547641072 52.63831976375058 68.29900309653259 106.3315618275391 102.26771587248088 87.74100012477409 39.275579630934466 47.858878546922966 80.23002687241647 124.3720470246397 42.87318424704053 55.24004351861984 94.79864312954774 139.01357188497914 137.89692915330141 48.41144832404512 155.32306246805763 126.24065546921858 112.49960443427207 106.56086843194967 70.08559686308425 74.91156964843414 120.63443881351392 148.3309492972126 106.53754902026328 47.80403323407197 91.08486551233264 105.98471170822931 93.21167608929662 65.5536847130661 157.31082661075217 130.80895102619593 164.7628733903257 161.03664321866475 125.63595852213479 20.045773805869327 54.624123979987296 68.49928883140929 54.08363733150967 147.79543529523926 34.9212703821593 14.480338268393941 11.101961727422946 39.883037672322864 97.76426582695143 43.81188080269681 102.39532465247814 186.02796136889242 62.23576318961883 137.44500147746203 129.38834323514456 165.77624248008232 140.68593281405228 61.199046258171535 63.72592829531598 152.29845946002553
91.49315357313816 62.49768448946799 12.810164861199421 82.01494921696214 11.053610214058422 95.91188476513021 16.039429904394595 126.10913082860314 60.40623764252248 54.25843714909131 0.0 92.15862587956445 18.604770908406373 106.0796747263897 123.05084184718456 50.28945757702704 69.90710804242966 70.96440158599937 50.657832591655904 11.73392617685185 83.05085983788 107.61678891854575 59.28599780755891 80.52202907638244 94.76477576227987 88.546113345128 22.68276399546449 103.14181314113311 103.22793872598149 122.32833633355384 64.17167743325778 22.20690747022897 98.56388178115395 97.73511080654276 36.0144147552158 141.29788777472638 116.65614482754141 95.55887321387455 110.98551589050409 97.42051444043257 81.84712159751973 118.96435124713202 132.85530321950318 105.45911023759464 106.47412692341321 103.67649685194033 122.55080492092829 93.59723581912769 85.36740956409396 103.53568265867675 15.702663177009057 38.539794801256285 71.55507089837859 85.13681515910642 40.55479265671026 109.10598910797175 41.545016209458716 84.77538880569388 109.6818250797304 29.846164698163438 116.68992989354913 133.80095592301979 60.14156623951321 102.5298009140738 20.175512107100783 129.1339102679794 68.4680786380554 110.24675607751112 106.3284016395199 87.79051099439643 75.23034520598576 87.8489111773586 45.64827826195014 118.51385864694288 157.0636308644728 128.53082781925514 117.5331964261604 109.11406687164367 71.41387946474819 59.25593194672434 44.435959059259076 49.7582366819976 35.23026707180707 138.05851284573114 48.429523086997754 39.86983931288861 48.50765418308683 92.54398151602905 54.994256213184926 42.62552709913219 114.28595800635031 137.73542200327822 104.38642130680108 94.91898113745222 94.43220020585649 118.51063209076848 86.71919171488265 64.09233438229468 44.965291084944276 110.52316226052248
51.67116490186314 150.84046897707282 81.81517254448225 158.53839477505792 101.46964073714786 8.74191852110004 100.19530134875114 64.40886252718998 134.71186971396702 114.81387636391561 92.15862587956445 0.0 109.26287482626695 65.59321340460787 60.34473557136327 87.82499151657872 43.948695694240335 162.62670039565188 138.98562684146242 80.42709071084107 159.37677190065102 79.36639673991299 55.56967070715192 75.0251404603847 79.67935158307216 136.7557586639289 70.13600046282114 17.048835869687945 161.57951809470825 97.06842498980647 155.73802140082105 85.8133644737608 65.35075518666522 49.65098269768114 121.38501420201573 114.11749706062453 59.23570738633166 7.289403413509234 37.298911448489 154.9693037684757 138.49218898233133 52.41364296246719 86.12649104738485 44.943709091930145 20.55692396376169 134.03105411690248 164.9042280830734 19.943375033880663 14.995142884243696 71.11399937341818 99.76451214164747 128.93067714646304 37.38284691989721 38.65032719160839 129.22343572062604 149.00796155633765 82.25265580142526 116.16157617475318 24.537775952744667 70.83333348535835 53.70428475252191 70.69783709395635 80.0131475428311 36.81043320147896 104.90551520492463 173.12221798769957 125.10254880141835 47.543560161051225 44.496851237807356 105.15564219073575 166.9961192062023 11.238557758152469 62.53423494452165 172.5428298237538 76.89101363678775 52.13617061446521 82.78688167598922 100.71671319488681 103.29513892512195 132.0079966699763 60.44924398913054 47.29219600486462 127.06090482961173 50.460159911367384 80.52328606671047 105.40949874793688 103.71569280380594 131.74417043209908 49.800838863798596 71.04822487485252 67.94916290404682 102.46418381655623 115.50664646307425 52.08940879897581 29.89899196663225 83.62171274346136 123.78989952877052 57.8571945972668 52.57450852548554 58.615793589267234
102.56608303629407 43.89462099915611 31.333731634688696 65.40250246508742 16.16232968722115 112.38726791464678 24.459409375464237 144.67313879781577 45.7072011155358 61.82906226474396 18.604770908406373 109.26287482626695 0.0 124.30993214360495 134.94344169512314 65.01690953165225 82.52817148318294 53.3672148384927 32.08050386488012 29.577104514075714 80.11374339334067 114.92282868780303 77.67809364878221 97.63061485432472 100.95691935686249 95.65592411544706 39.129707953849156 119.17402301681769 106.12772201488896 139.26981704181205 50.19931615612995 38.210773653485674 107.68742443695658 109.35812339763065 18.92994925658793 145.9943352066332 135.20460846752738 112.15564021151314 129.47048307921588 100.98637361588204 87.0343679411904 131.654287860669 150.91986091146094 118.16840998718746 122.35877896246832 113.91200149258921 128.91597173327128 111.80025182373045 103.32556727731367 121.46798658754214 24.464019884436528 28.918957331256625 90.13677986141987 98.10906137617962 33.21828864766149 116.84094710304767 45.951537242983626 81.20793647213426 125.35259803144821 48.19510736338343 128.98403673774152 152.3561356959656 64.67814140900863 121.08785687544622 10.208425784841845 134.76028942179772 59.27771838460293 122.91227598497068 124.9318318629836 101.57535668160739 57.75257335726848 105.63702302112465 56.59050826437117 121.87562585672242 175.58848468028663 147.0583920711201 125.1696027979718 112.37327643425378 69.7866895555754 60.726551483159184 62.901372416115656 68.24538659157336 22.52849332405389 156.12680311369743 64.49403112992256 48.75460250114908 59.06021980523858 101.63661312660071 67.98957774925583 60.227461006575005 132.58933267230236 144.1530368463999 118.00278740556371 106.04807614753742 108.63860124413868 126.09821322755494 81.31411372528972 82.32178595941147 63.52742964081938 121.57032885233963
114.65822940268984 167.74017825094708 93.3066779888348 187.21379350145315 109.95541291168041 74.04810481590796 103.93979527121509 26.25380156390534 164.25596106773608 93.97843221846074 106.0796747263897 65.59321340460787 124.30993214360495 0.0 125.60411700739192 68.27333083501172 99.52104753770882 171.70067591137283 156.21546568581542 97.22854809384842 138.11643348680926 142.77506336408362 46.92588313803821 33.1656835474989 140.088249082449 99.23502406081798 93.09334697276455 80.94708575021193 125.4382286252484 31.619036432445924 156.48070464912965 87.28246489313516 128.5393428310153 114.12063432351063 142.0275830026793 178.8638242775679 18.269169822835003 72.54328226401667 37.09115025311766 119.5327863133088 106.3341496771827 117.54437707585606 27.19310498013557 110.497406123761 83.68094702081687 85.90976278834383 117.84041358335784 45.77204073369708 52.22999096167148 8.246504445531642 103.67001687593013 130.40735545382506 41.91665036458775 100.94563655345524 127.80402805830872 103.24815429469186 121.09258174891828 165.4500434717149 87.18014823038641 76.23435892949212 119.14921419212818 32.33673018789727 128.01665956799488 30.842330141890848 125.45028748620835 125.85015524948373 164.0806142141959 113.12214759204711 24.460217432789978 58.770319995234594 175.33998157465714 55.04990363888892 104.39996768206765 131.61775992589847 65.17488104048769 42.992106639784524 147.42509543587548 161.39328371032437 150.84750485056037 114.01911499485117 61.84133839810752 61.731926233415905 132.62504959399647 65.21712171996113 64.3313466579762 92.95628204372359 84.93250450328301 89.71984360642718 96.44183474212112 64.55365050778079 8.604743993508343 167.72439650234094 61.29529796840658 115.81874507246437 95.02565477190414 148.313416898285 171.52002358846542 41.99643573516543 64.46918453416338 124.04974737675532
32.641680457177955 167.48305233436997 117.56292580529214 162.3084494622524 134.04425679858554 51.68586375253831 136.35558793299444 120.03590922120979 141.23766973794937 162.31851223498123 123.05084184718456 60.34473557136327 134.94344169512314 125.60411700739192 0.0 138.6873478771349 53.16205756279257 184.6346760083072 157.09716992576952 112.73124795271396 202.78562137491576 38.88084893420874 110.16572990770136 133.75123982857352 50.38718465830933 189.60341526575567 101.4556907738175 44.772717437219455 212.48922624629523 157.19609339034224 185.13954686138274 126.86223287627223 33.253096286680595 25.591471352864392 139.51841666491 60.950348828253794 116.93583244310355 53.18453057021302 93.03424017093076 205.89701314257655 188.9610516406563 8.138467077414841 143.87010695667007 18.589068266727313 42.40364655510012 190.8042590310707 220.3244362764591 79.86364733703026 74.90264335598535 131.4074437954313 135.91380034549766 161.34170654860145 94.96129152485217 38.39633586237912 163.6046527431507 204.4450789893983 92.16277141154842 100.00569326467321 39.42961445825114 114.0263920380261 7.128782718330153 124.85421930020202 77.77856224636407 95.58038784272195 126.85996431686091 228.398574951915 122.20556292984551 14.16327906068828 103.04234386202207 162.68892027607507 189.12125477771693 71.43539523867992 78.37564204935971 225.1525667182045 117.89004804186558 102.32100581543637 34.57824798569642 63.79981274756027 93.32716431912196 176.09991898367628 109.36823601036265 95.42522464372094 156.78532198563622 87.95621841925525 131.42961026596862 150.0953508494097 151.7417101200885 186.57252556448844 68.08012283765446 120.1766695325514 127.13221271158459 47.30990340190602 174.4533160586695 29.183679823361768 34.01601391616195 34.86012790065849 108.55027463402655 113.96108627920033 99.44967502376547 14.768059837853677
113.03188995471447 105.00390699122774 40.52476192193479 130.39742323146538 48.90420461295602 95.14483464293903 41.000968080671534 93.11118834092291 110.12164065458872 28.168827107923583 50.28945757702704 87.82499151657872 65.01690953165225 68.27333083501172 138.6873478771349 0.0 90.55002150402751 105.48246010588207 94.47410242645373 47.60530413527222 73.98211088294161 136.7539499533272 32.996945257858954 36.2748787602459 127.30334431131465 50.988803532651644 51.88495342415426 103.8756807840341 74.25701324760047 75.92332606704288 88.61981495443946 28.118481333815215 124.37310155614892 116.85675846951472 83.94649965266713 173.72268690987013 83.73169676728958 94.09577003296975 88.24022497292934 67.62937306018125 50.879431048988636 132.28959786604227 92.13406289151601 120.14256212807172 107.5679218969914 57.534063283503265 83.09635349767365 78.3157193811103 74.70491086312768 62.98806154765917 40.89621993729735 63.469138907133434 52.29953740697181 101.75462128040753 60.21571337565011 67.64398303570971 84.05888280943539 131.05861775554735 111.50116578741394 29.388361219677858 131.5871223380756 100.06687450247624 99.38693932516252 78.49337238987947 70.06253254743874 90.86990641190002 118.348226852607 124.54257926293026 78.76932896714094 37.60285656562687 108.78802782488233 78.50272065672401 77.01098567607762 86.46878418347978 130.03065581632967 103.06827413768767 145.15952162630583 145.79331673582476 116.62505811101886 47.577365304267865 29.31967271949399 43.302864301449944 67.007062264026 119.65622242451697 7.366965086873634 24.697778363783893 17.535363374430595 49.581540732777206 78.31136209865063 18.63163357470335 76.85676461317222 166.7987934655502 54.19634646650486 115.85178479385296 105.01331552297664 146.17621596127992 134.36798791542876 33.03156895896295 39.3094565054155 129.9412118099946
22.848623093544248 118.37988299239976 64.68397893373117 119.6843654910578 80.88735514483436 41.193201298932635 83.29968204676887 105.43341903425268 96.541323749399 111.50979520769174 69.90710804242966 43.948695694240335 82.52817148318294 99.52104753770882 53.16205756279257 90.55002150402751 0.0 133.85147786486246 107.24696960117491 59.607590166222394 150.20659715312993 47.07979656204917 67.72472579615992 95.30078452073522 41.02014260367275 141.22296237554787 48.39357178976135 44.08766340972774 162.46994148739884 128.58196819796888 132.57942289964697 74.79666196626263 33.94753479350637 28.123703244087476 89.30093823659269 84.54528979640513 98.6040107046305 41.886105001984106 79.71096797566831 155.9789206530082 139.0595126663986 49.214648301025505 124.1295894449406 35.69896773170079 46.13968725643535 146.323877887726 173.61908210303784 59.70972725685086 50.13066276661078 102.56792598605743 82.86022349398122 108.28199616026316 59.19550030932754 15.607268630287159 110.45506991447805 158.04843501410383 43.66414150240295 72.2167682881967 47.88159769270577 63.23954230508194 46.794982929904045 112.4069033349742 36.7354395106569 76.50542116719839 75.13834477411847 181.41958483699713 83.25863211687457 40.46975724731647 83.80111253047635 120.28243657483976 138.35134566323902 49.119365402052466 26.287728415421842 176.01416321399483 120.79404401394738 95.75085626962951 54.78578127291314 62.1256314905171 59.58061842180472 123.90438266566407 62.05642281148127 49.52473757146961 103.96974165493913 93.4415407953894 83.72244686408489 98.49980716276613 101.44690055318999 139.95964466138318 14.918658386619207 72.02536396402708 104.3625345317064 76.48788158664355 134.40335506560652 25.99383549168971 27.590722714639533 55.79793498137033 79.90371504877368 72.89592081379057 52.01980762116653 41.25209209507779
151.99607039194393 21.41039757774594 82.77456386125793 53.33732872430369 63.39513666619467 165.6894772526734 68.07601681321013 194.2063107872019 54.64694766215838 88.55143711735562 70.96440158599937 162.62670039565188 53.3672148384927 171.70067591137283 184.6346760083072 105.48246010588207 133.85147786486246 0.0 28.21699234006971 82.542188371686 75.6193614346255 159.2832445584917 126.87148358201023 141.49372107558594 144.40045701670712 114.12309838778944 92.49074631294675 172.32677484366033 111.96947362897146 181.11832184727623 23.466548973331808 84.95008686810824 154.73764053817487 159.2025609170817 45.1482301133739 184.9541337796548 184.6297419433919 165.48342502004496 181.37987535874015 109.45793764248144 102.26484602724035 182.23513808306433 197.05881282687835 168.94219109257872 175.4431964883419 138.04979107629782 141.22578502087168 164.49563129516685 156.330986509086 167.52835664599758 68.38899797301993 42.08551174477534 141.5852690923187 149.41851613489615 46.08091481351828 134.10434693483566 92.53976881584876 109.62805492059617 178.3281017130982 98.2417622950255 179.1923988895366 201.72175570612438 108.84434568118404 172.58807977126563 58.92531891684671 144.47441576965088 79.69932333749081 173.57930440394372 175.72109791276998 136.03651088989145 4.500722230718375 158.77873356977864 107.56404594006692 126.76398455080975 227.17459812098508 198.69211698345023 169.61767054801342 150.50874938562058 103.97123382038355 74.621570867652 112.87548282606724 120.37968150474833 39.08266969357664 209.00358758304273 107.85907255350692 81.98612412175866 92.38990320504848 124.22344889355563 119.91382191395887 107.51292863224613 180.2494150982466 186.09078509156868 150.7862718713457 155.4510219170716 160.78469316011285 170.44337115550388 105.60834561856993 130.64268742830978 115.35463351266013 170.53981732921724
124.50412173545766 11.974808521579117 63.41364650541008 39.30722090551597 46.549218803312826 141.23851938746148 53.66289755228959 176.75309378346844 29.83863192411921 84.78458171843738 50.657832591655904 138.98562684146242 32.08050386488012 156.21546568581542 157.09716992576952 94.47410242645373 107.24696960117491 28.21699234006971 0.0 61.19338451680316 86.99842682965344 131.08214409323236 109.71239813047355 128.65487673569467 116.18825119816925 115.7509662097242 69.60135181411036 147.3518903464252 119.92865338900272 169.94365326078938 39.47875440950295 69.37017217678084 126.75396905871698 131.80357461597166 17.98133818619604 157.01261460054005 167.28490489478398 141.17166755121556 161.16512521449133 116.03560955034528 105.1638045197354 155.01160564861837 182.67019140088152 141.85043458279165 150.29833217482255 137.21551050531752 146.67389016185564 143.05008799750456 134.24885700271616 153.13706181460293 53.82596748559816 38.28706564452221 122.06726233939018 122.69210093635651 44.05182967137139 136.86192398086442 64.9433835790564 82.74306224687265 152.96291849120146 80.23854795036209 151.83870404281376 184.43663923853262 80.74672922558722 152.94257449080516 34.109586108545834 151.2889276577905 53.64967355919307 146.42279085421652 156.9319970901012 129.26634724443775 32.56314632688104 136.31260889472307 81.0783150111236 135.58914560401587 207.33953783368875 178.8291451456519 141.41240532806427 122.55060512311452 76.12085444952719 76.64515620846558 94.96918610989795 100.03168670436297 30.943761397330807 187.0591460429817 95.0146532212563 74.31569864894647 85.18470913028445 123.9397545490585 93.84140590278403 91.85922736377898 164.54350100514756 157.9209274915255 145.220776443655 127.9353434750438 134.55146417367422 142.2351888712581 79.52636686864925 114.26537942539336 95.440877604634 142.85436230819803
